1 8 3 2 4 6 4 6 5 4 6 6 6 6 7 6 8 8 
3 9 9 2 10 6 11 4 11 4 12 4 13 8 14 6 14 6 15 6 
4 9 10 2 16 6 17 4 17 4 13 4 18 8 19 6 19 6 20 6 
5 7 21 2 22 4 22 4 23 2 24 6 24 6 25 4 
6 12 26 2 27 6 27 4 27 4 24 2 28 10 29 6 29 6 30 6 31 4 32 9 32 9 
7 2 33 2 34 2 
8 0 
9 4 35 2 36 6 36 6 37 4 
10 4 38 2 39 6 39 6 40 4 
11 8 36 2 41 10 39 6 39 6 42 6 43 4 44 9 44 9 
12 2 45 2 46 2 
13 2 47 2 48 2 
14 3 49 2 50 4 51 2 
15 0 
16 4 41 2 52 6 52 6 53 4 
17 8 39 2 54 10 52 6 52 6 55 6 56 4 57 9 57 9 
18 2 58 2 59 2 
19 3 60 2 61 4 62 2 
20 0 
21 0 
22 5 38 4 41 8 39 6 39 6 40 6 
23 1 63 2 
24 3 64 4 65 4 66 2 
25 0 
26 1 67 4 
27 5 41 4 54 8 52 6 52 6 53 6 
28 1 68 2 
29 3 69 4 70 4 71 2 
30 0 
31 2 72 2 73 2 
32 2 74 2 75 2 
33 0 
34 0 
35 1 76 2 
36 2 77 4 78 2 
37 0 
38 1 79 2 
39 2 80 4 81 2 
40 0 
41 1 82 2 
42 0 
43 2 83 2 84 2 
44 2 85 2 86 2 
45 0 
46 0 
47 0 
48 0 
49 0 
50 0 
51 1 87 2 
52 2 88 4 89 2 
53 0 
54 1 90 2 
55 0 
56 2 91 2 92 2 
57 2 93 2 94 2 
58 0 
59 0 
60 0 
61 0 
62 1 95 2 
63 0 
64 0 
65 0 
66 1 96 2 
67 0 
68 0 
69 0 
70 0 
71 1 97 2 
72 0 
73 0 
74 0 
75 0 
76 0 
77 0 
78 1 98 2 
79 0 
80 0 
81 1 99 2 
82 0 
83 0 
84 0 
85 0 
86 0 
87 0 
88 0 
89 1 100 2 
90 0 
91 0 
92 0 
93 0 
94 0 
95 0 
96 0 
97 0 
98 1 2 10
99 1 2 10
100 1 2 10
0
1 1 1 1 1 12 0 0 
2 7 1 63 1 12 0 0 
3 2 2 3 2 9.5 0 0 
4 2 2 3 2 9.5 0 0 
5 2 3 5 3 7 0 0 
6 2 3 5 3 9.5 0 0 
7 2 4 9 4 4.5 0 0 
8 2 6 33 5 2 0 0 
9 3 3 7 3 7 0 0 
10 3 3 7 3 7 0 0 
11 3 3 7 3 9.5 0 0 
12 3 4 11 4 4.5 0 0 
13 3 4 11 4 4.5 0 0 
14 3 4 11 4 7 0 0 
15 3 6 35 5 2 0 0 
16 3 3 7 3 7 0 0 
17 3 3 7 3 9.5 0 0 
18 3 4 11 4 4.5 0 0 
19 3 4 11 4 7 0 0 
20 3 6 35 5 2 0 0 
21 3 2 7 2 4.5 1 3 1 2 
22 3 2 7 2 9.5 1 3 1 2 
23 3 4 13 4 4.5 1 3 1 2 
24 3 4 13 4 7 1 3 1 2 
25 3 6 37 5 2 1 3 1 2 
26 3 2 7 2 7 1 3 1 2 
27 3 2 7 2 9.5 1 3 1 2 
28 3 4 13 4 4.5 1 3 1 2 
29 3 4 13 4 7 1 3 1 2 
30 3 5 21 6 2 1 3 1 2 
31 3 6 37 5 4.5 1 3 1 2 
32 3 6 37 5 3.25 1 3 1 2 
33 3 3 13 3 2 1 4 1 2 
34 3 6 41 5 2 1 4 1 2 
35 4 4 15 4 4.5 0 0 
36 4 4 15 4 7 0 0 
37 4 6 39 5 2 0 0 
38 4 4 15 4 4.5 0 0 
39 4 4 15 4 7 0 0 
40 4 6 39 5 2 0 0 
41 4 4 15 4 4.5 0 0 
42 4 5 23 6 2 0 0 
43 4 6 39 5 4.5 0 0 
44 4 6 39 5 3.25 0 0 
45 4 3 15 3 2 1 4 1 3 
46 4 6 43 5 2 1 4 1 3 
47 4 3 15 3 2 1 4 1 3 
48 4 6 43 5 2 1 4 1 3 
49 4 3 15 3 4.5 1 4 1 3 
50 4 5 27 6 2 1 4 1 3 
51 4 6 43 5 4.5 1 4 1 3 
52 4 4 15 4 7 0 0 
53 4 6 39 5 2 0 0 
54 4 4 15 4 4.5 0 0 
55 4 5 23 6 2 0 0 
56 4 6 39 5 4.5 0 0 
57 4 6 39 5 3.25 0 0 
58 4 3 15 3 2 1 4 1 3 
59 4 6 43 5 2 1 4 1 3 
60 4 3 15 3 4.5 1 4 1 3 
61 4 5 27 6 2 1 4 1 3 
62 4 6 43 5 4.5 1 4 1 3 
63 4 6 45 5 2 1 4 1 2 
64 4 2 15 2 2 1 4 1 2 
65 4 5 29 6 2 1 4 1 2 
66 4 6 45 5 4.5 1 4 1 2 
67 4 4 15 4 2 0 0 
68 4 6 45 5 2 1 4 1 2 
69 4 2 15 2 2 1 4 1 2 
70 4 5 29 6 2 1 4 1 2 
71 4 6 45 5 4.5 1 4 1 2 
72 4 4 45 4 2 1 6 1 2 
73 4 5 53 6 2 1 6 1 2 
74 4 4 45 4 0.75 1 6 1 2 
75 4 5 53 6 0.75 1 6 1 2 
76 5 6 47 5 2 0 0 
77 5 5 31 6 2 0 0 
78 5 6 47 5 4.5 0 0 
79 5 6 47 5 2 0 0 
80 5 5 31 6 2 0 0 
81 5 6 47 5 4.5 0 0 
82 5 6 47 5 2 0 0 
83 5 4 47 4 2 1 6 1 4 
84 5 5 55 6 2 1 6 1 4 
85 5 4 47 4 0.75 1 6 1 4 
86 5 5 55 6 0.75 1 6 1 4 
87 5 5 59 6 2 1 6 1 3 
88 5 5 31 6 2 0 0 
89 5 6 47 5 4.5 0 0 
90 5 6 47 5 2 0 0 
91 5 4 47 4 2 1 6 1 4 
92 5 5 55 6 2 1 6 1 4 
93 5 4 47 4 0.75 1 6 1 4 
94 5 5 55 6 0.75 1 6 1 4 
95 5 5 59 6 2 1 6 1 3 
96 5 5 61 6 2 1 6 1 2 
97 5 5 61 6 2 1 6 1 2 
98 6 5 63 6 2 1 6 1 5 
99 6 5 63 6 2 1 6 1 5 
100 6 5 63 6 2 1 6 1 5 
0
6
0 500
10 50
20 45
40 80
48 85
42 100
